image_width: 640
image_height: 480
camera_name: narrow_stereo
camera_matrix:
  rows: 3
  cols: 3
  data: [798.915305, 0.000000, 389.407434, 0.000000, 793.676200, 259.504086, 0.000000, 0.000000, 1.000000]
distortion_model: plumb_bob
distortion_coefficients:
  rows: 1
  cols: 5
  data: [0.053951, -0.007846, -0.001098, 0.027680, 0.000000]
rectification_matrix:
  rows: 3
  cols: 3
  data: [1.000000, 0.000000, 0.000000, 0.000000, 1.000000, 0.000000, 0.000000, 0.000000, 1.000000]
projection_matrix:
  rows: 3
  cols: 4
  data: [796.947876, 0.000000, 399.785463, 0.000000, 0.000000, 812.781860, 258.510694, 0.000000, 0.000000, 0.000000, 1.000000, 0.000000]
